0.9974009334
0.9965454078
0.9974009334
0.9968565080
0.9956898823
0.9963120827
1.0024563114
0.9960009825
0.9957676574
0.9959232075
0.9981786838
0.9992675345
0.9958454324
0.9981009088
0.9972453833
0.9964676328
0.9946788067
0.9952232321
0.9955343322
0.9984120090
0.9969342831
0.9960787576
0.9952232321
0.9945232566
0.9972453833
0.9976342585
0.9961565326
0.9995786347
0.9963898578
0.9960787576
0.9987231092
0.9982564589
0.9951454570
0.9963120827
1.0009785855
0.9965454078
0.9955343322
0.9955343322
0.9957676574
0.9967787330
0.9960787576
0.9980231337
0.9950676820
0.9957676574
0.9945232566
0.9986453341
0.9962343077
0.9972453833
0.9974787084
0.9954565572
0.9959232075
0.9965454078
0.9963898578
0.9964676328
0.9957676574
0.9957676574
0.9962343077
0.9974009334
0.9973231583
0.9964676328
0.9954565572
0.9995786347
0.9953787821
0.9958454324
0.9971676082
0.9961565326
0.9963120827
0.9949899069
0.9985675591
0.9954565572
0.9967009579
0.9964676328
0.9958454324
0.9946788067
0.9953010071
0.9961565326
0.9979453587
0.9957676574
0.9984897840
0.9958454324
0.9951454570
0.9953787821
0.9963120827
0.9959232075
0.9975564835
0.9969342831
0.9963120827
0.9956121073
0.9963898578
0.9970898332
0.9977898086
0.9959232075
0.9975564835
0.9966231829
0.9954565572
0.9963898578
0.9982564589
0.9950676820
0.9960009825
0.9960009825
